1 tcrxm7jy 1 40.787121726191465   2
1 8fmykb4c 2 32.46786038627211    0
1 t4ns3syl 3 31.526124352213756   2
1 ienet82k 4 30.448363552033033   0
1 dc30gkfe 5 30.01425720148223    0
1 zv0ysi8m 6 28.755478162572533   1
1 cns5rnj8 7 27.47834726374028    1
1 lk67yfrp 8 26.25057696591902    0
1 0t2a5500 9 26.096744921564397   2
1 3qzlo90e 10 25.97833758133693   0
2 e4crbz0c 1 39.925780492166474   0
2 h3ngmi4c 2 35.78050584024951    0
2 imjtwt0b 3 34.99684880906505    0
2 k38xlki3 4 33.998753778927394   0
2 miyvn7vd 5 32.10844639956422    2
2 3qzlo90e 6 30.34410337929796    0
2 ym7ce5ux 7 30.34410337929796    0
3 5nyoxono 1 40.5505350153379     1
3 1waejlwb 2 32.281816906424275   0
3 1ksz6nmx 3 29.463591782653314   0
3 qu7ddcw9 4 26.324865228072593   1
3 fbq9ht8l 5 26.217212067253836   0
3 8qwisxhl 6 25.953700128519415   0
3 tcrxm7jy 7 24.41525678722803    0 
3 x1u70y1x 8 24.059155333050004   0
4 1waejlwb 1 14.772156994995292   0
4 ienet82k 2 12.09088611113559    0
4 dc30gkfe 3 9.672746549307812    0
4 tr5whji0 4 8.33641270850849     1
4 fowfz59x 5 8.240988019738051    0
4 qu7ddcw9 6 8.236036545086124    0
4 d4rphs30 7 8.112449926906681    1
4 542e5h1u 8 8.095788683248156    0
5 ypv2a9yr 1 50.75543533437135    0
5 hchioraj 2 49.30267012210677    0
5 ncl2p7kg 3 46.136524511400246   0
5 qu7ddcw9 4 45.95354586948792    0
5 x1u70y1x 5 45.067495508191925   0
5 lgrk3w7w 6 43.23719802084424    1
5 9q7zbmwp 7 42.679944588105684   0
5 k38xlki3 8 41.32307340410491    0
5 tcrxm7jy 9 40.99914050389048    0
6 mzgkbql0 1 18.51599566311594    0
6 p9w9fwak 2 13.112209082474894   2
6 ym7ce5ux 3 12.127555106493636   1
6 vbye4nrj 4 11.894522810639977   1
7 iawcsntb 1 36.357648067376545   0
7 5nyoxono 2 31.35987201980543    0
7 pvo61ay8 3 27.470173835934183   0
7 0te5ybjv 4 27.24841960248105    2
7 o4njvi62 5 25.708680074112884   0
7 miupbeuy 6 24.872649209009484   1
7 ienet82k 7 23.345187392142133   0
7 m9xifjth 8 22.71832342628261    0
8 ciuynofm 1 24.351464604845567   1
8 pi6a2ql7 2 24.20187792939262    0
9 0zzs5cy8 1 39.96894193259642    0
9 nzjz0q8b 2 33.707363511383      0
9 dc30gkfe 3 30.611452377626286   1
9 ienet82k 4 29.778841652785065   0
9 miadomgn 5 28.669150341819815   0
9 w19kd6yp 6 25.8638218703908     0
9 hxn46xnn 7 25.12285488578666    1
10 jmhexmet 1 39.360700175588065  2
10 7k4o3lt4 2 35.843582993052536  0
10 ym7ce5ux 3 27.717710837450852  0
10 ienet82k 4 27.549593009730668  0
10 ciuynofm 5 24.19536525183136   0
