1 ienet82k 1 5.25685251023887    0
1 dc30gkfe 2 5.050940862951607   0
1 t4ns3syl 3 4.7691910475552     2
1 cns5rnj8 4 4.672918931074739   1
1 tcrxm7jy 5 4.59502272798347    2
1 8fmykb4c 6 4.445242967758707   0
1 8kqhvxlz 7 3.571876049622514   2
1 zv0ysi8m 8 3.0210074682151538  1
1 3qzlo90e 9 2.4557500654965447  0
1 lk67yfrp 10 2.4557500654965447 0
2 e4crbz0c 1 15.640076267778271  0
2 k38xlki3 2 15.423517116330373  0
2 h3ngmi4c 3 13.251271928457882  0
2 miyvn7vd 4 10.98220181394226   2
2 3qzlo90e 5 10.97180820828748   0
2 imjtwt0b 6 10.969357241801386  0
2 ym7ce5ux 7 10.919128007610357  0
3 1waejlwb 1 29.036898069663906  0
3 5nyoxono 2 24.938377480970566  1
3 8qwisxhl 3 22.026166784555283  0
3 1ksz6nmx 4 21.16078014744202   0
3 qu7ddcw9 5 19.9307801606044    1
3 x1u70y1x 6 17.53427434653456   0
3 tcrxm7jy 7 17.513578001508396  0
3 fbq9ht8l 8 17.37849817515297   0
4 ienet82k 1 9.452924333379293   0
4 1waejlwb 2 8.881283127932992   0
4 542e5h1u 3 7.001433839417694   0
4 tr5whji0 4 6.960268842154321   1
4 dc30gkfe 5 5.468058814446926   0
4 fowfz59x 6 5.234205909997474   0
4 qu7ddcw9 7 5.229254435345547   0
4 d4rphs30 8 5.105667817166104   1
5 hchioraj 1 18.48786274739665   0
5 ncl2p7kg 2 15.06904144205992   0
5 tcrxm7jy 3 13.292465603780503  0
5 k38xlki3 4 13.096493169231078  0
5 qu7ddcw9 5 12.901303819011947  0
5 9q7zbmwp 6 12.065091276696943  0
5 lgrk3w7w 7 11.515174121967483  1
5 x1u70y1x 8 11.307383531689503  0
5 ypv2a9yr 9 8.441308889319114   0
6 mzgkbql0 1 15.567709603222163  0
6 p9w9fwak 2 15.322020464515575  2
6 ym7ce5ux 3 11.538473409347112  1
6 vbye4nrj 4 11.01769443646173   1
7 pvo61ay8 1 20.37187222946634   0
7 0te5ybjv 2 16.83403345748429   2
7 iawcsntb 3 16.648080692045077  0
7 o4njvi62 4 12.955686681093367  0
7 5nyoxono 5 11.904935653492767  0
7 miupbeuy 6 10.521710876543018  1
7 m9xifjth 7 9.947677698102805   0
7 ienet82k 8 8.238241992978189   0
8 ciuynofm 1 12.683594616853954  1
8 pi6a2ql7 2 11.911585948442458  0
9 miadomgn 1 10.544932929405109  0
9 hxn46xnn 2 10.401322042462716  1
9 0zzs5cy8 3 8.755820505970442   0
9 nzjz0q8b 4 8.415658533255568   0
9 dc30gkfe 5 7.0774967268810265  1
9 ienet82k 6 6.704359648992094   0
9 w19kd6yp 7 5.84737799614255    0
10 7k4o3lt4 1 22.68782737307896  0
10 jmhexmet 2 21.51402387493093  2
10 ym7ce5ux 3 19.141459292192526 0
10 ienet82k 4 17.52587380289348  0
10 ciuynofm 5 15.619113706573039 0
